1	179669,8062,manumit
2	216095,4904,oursel
3	246110,7913,precipitancies
4	352424,4349,unsuperfluousness
5	329786,9997,trifurcating
6	290388,2452,syling
7	86793,1657,directors
8	259108,1533,quodlibetarian
9	38558,4815,boschvark
10	145261,4399,hurrer
11	93689,8211,dubieties
12	124281,3583,geromorphism
13	142824,1449,homeomorphy
14	259434,2951,rack
15	271715,8990,rhabdocoele
16	123415,3899,genderer
17	109411,8676,falcata
18	334587,3566,unadequately
19	196277,7807,mutillid
20	151013,7545,indignify
21	180836,1180,mastatrophia
22	57684,1533,cinenchymatous
23	117431,1764,formic
24	24933,8059,awaiting
25	71330,4134,courtbred
26	87953,8310,disengage
27	73662,7553,cronie
28	258539,5321,quiddity
29	236481,1095,pigsnies
30	293501,811,skullery
31	21062,9057,asculae
32	115174,9296,flowage
33	83626,2902,devocalisation
34	360862,1700,vocability
35	307617,7406,subcortically
36	199045,267,neuroclonic
37	261986,3416,rearranger
38	247223,1264,preembarrass
39	121215,9357,galempung
40	242029,6058,polymastodon
41	32482,6705,bespeaker
42	316080,2527,tangleroot
43	169393,361,lawrie
44	38605,8835,bosques
45	146221,2556,iconomatic
46	222117,1073,oxalidaceous
47	253448,3191,protends
48	253558,258,prothrombogen
49	202594,8063,noncredibleness
50	141866,3619,histoplasmin
51	2540,1186,acipenseroid
52	367035,3460,wondercraft
53	305080,1377,stolonization
54	359965,5281,vinosity
55	237611,4015,pyranometer
56	122938,3182,gawcie
57	217639,6386,outstream
58	188920,1617,miscibilities
59	197989,4203,neer
60	186992,2204,miffing
61	249203,3698,presaged
62	13549,2054,annihilationism
63	278509,1615,sarmenta
64	213935,1036,oralism
65	249432,7637,preship
66	285265,1059,seneschalsy
67	219877,9394,overinsurance
68	68430,9728,copartner
69	68610,8382,coppernose
70	77393,9747,dbms
71	297633,1637,sororicide
72	328669,8009,treacliness
73	67670,6114,contraponend
74	96569,9767,eisodic
75	191520,776,molland
76	50674,5114,cembalo
77	269412,4472,resigns
78	223964,5514,palletization
79	123522,9893,genesiac
80	289194,1486,shriftlessness
81	359109,8550,vestral
82	266179,2993,reinability
83	173800,9138,lithotrity
84	252729,5583,propleuron
85	138002,8855,hexandric
86	4078,2394,adjustor
87	307610,7674,subcorymbose
88	141581,3611,hyracoids
89	280610,9328,sciarid
90	72722,7167,crescence
91	172122,6272,lignoceric
92	367982,4442,wrigglingly
93	101853,9518,envoi
94	106903,1607,excurvation
95	69053,8404,corespondents
96	170066,7223,legendic
97	4869,5650,aeolopantalon
98	154115,1397,insurant
99	259358,7121,racetracks
100	7860,1247,alem